# WaveFront *.obj file (generated by Cinema 4D)

mtllib ./cubes.mtl

v -2.929840 0.002904 0.997511
v -3.178360 0.002904 1.969718
v -2.003592 0.002904 2.270018
v -1.755072 0.002904 1.297811
v -2.466716 1.152647 1.633764
v 0.966740 0.605807 0.770096
v 0.966740 1.205807 0.770096
v 1.638510 0.605807 0.727415
v 1.638510 1.205807 0.727415
v 1.602865 0.605807 0.166375
v 1.602865 1.205807 0.166375
v 0.931094 0.605807 0.209055
v 0.931094 1.205807 0.209055
v 0.244746 0.000640 0.334167
v 0.244746 0.600640 0.334167
v 1.645607 0.000640 1.308624
v 1.645607 0.600640 1.308624
v 2.485767 0.000640 0.100827
v 2.485767 0.600640 0.100827
v 1.084906 0.000640 -0.873631
v 1.084906 0.600640 -0.873631
v -5.000000 0.000000 5.000000
v 5.000000 0.000000 5.000000
v -5.000000 0.000000 -5.000000
v 5.000000 0.000000 -5.000000
v -1.851468 0.000344 -0.610897
v -1.851468 1.976526 -0.610897
v -0.747468 0.000344 -0.610897
v -0.747468 1.976526 -0.610897
v -0.747468 0.000344 -1.714897
v -0.747468 1.976526 -1.714897
v -1.851468 0.000344 -1.714897
v -1.851468 1.976526 -1.714897
# 33 vertices

vn 0.000000 -1.000000 0.000000
vn 0.000000 -1.000000 0.000000
vn -0.226989 0.399963 0.887978
vn 0.856999 0.466435 0.219070
vn 0.226989 0.399963 -0.887978
vn -0.856999 0.466435 -0.219070
vn 0.063406 -0.000000 0.997988
vn 0.063406 -0.000000 0.997988
vn 0.997988 0.000000 -0.063406
vn 0.997988 0.000000 -0.063406
vn -0.063406 0.000000 -0.997988
vn -0.997988 0.000000 0.063406
vn -0.997988 0.000000 0.063406
vn 0.000000 1.000000 0.000000
vn 0.000000 1.000000 0.000000
vn -0.000000 -1.000000 0.000000
vn -0.000000 -1.000000 0.000000
vn 0.063406 0.000000 0.997988
vn 0.997988 0.000000 -0.063406
vn -0.997988 0.000000 0.063406
vn -0.000000 -1.000000 0.000000
vn -0.571043 0.000000 0.820920
vn 0.820920 0.000000 0.571043
vn 0.571043 0.000000 -0.820920
vn 0.571043 0.000000 -0.820920
vn -0.820920 0.000000 -0.571043
vn 0.571043 0.000000 -0.820920
vn 0.000000 1.000000 0.000000
vn 0.000000 0.000000 1.000000
vn 1.000000 0.000000 0.000000
vn 0.000000 0.000000 -1.000000
vn 0.000000 0.000000 -1.000000
vn -1.000000 0.000000 0.000000
# 33 normals

vt 0.200000 0.500000 0.000000
vt 0.500000 0.800000 0.000000
vt 0.800000 0.500000 0.000000
vt 0.000000 1.000000 0.000000
vt 1.000000 1.000000 0.000000
vt 1.000000 0.000000 0.000000
vt 0.500000 0.200000 0.000000
vt 0.000000 0.000000 0.000000
# 8 texture coordinates

o Pyramid
usemtl default
f 3/3/1 2/2/2 1/1/1
f 2/2/3 3/3/3 5/5/3
f 3/3/4 4/7/4 5/6/4
f 4/7/5 1/1/5 5/8/5
f 1/1/6 2/2/6 5/4/6
f 4/7/1 3/3/1 1/1/1
f 9/5/7 7/4/8 6/8/7
f 11/5/9 9/4/10 8/8/9
f 13/5/11 11/4/11 10/8/11
f 7/5/12 13/4/13 12/8/12
f 11/5/14 13/4/15 7/8/14
f 8/5/16 6/4/17 12/8/16
f 8/6/18 9/5/7 6/8/7
f 10/6/19 11/5/9 8/8/9
f 12/6/11 13/5/11 10/8/11
f 6/6/20 7/5/12 12/8/12
f 9/6/14 11/5/14 7/8/14
f 10/6/21 8/5/16 12/8/16
f 17/5/22 15/4/22 14/8/22
f 19/5/23 17/4/23 16/8/23
f 21/5/24 19/4/25 18/8/24
f 15/5/26 21/4/26 20/8/26
f 19/5/14 21/4/14 15/8/14
f 16/5/1 14/4/2 20/8/1
f 16/6/22 17/5/22 14/8/22
f 18/6/23 19/5/23 16/8/23
f 20/6/27 21/5/24 18/8/24
f 14/6/26 15/5/26 20/8/26
f 17/6/28 19/5/14 15/8/14
f 18/6/1 16/5/1 20/8/1
f 25/5/14 24/4/14 22/8/14
f 23/6/14 25/5/14 22/8/14
f 29/5/29 27/4/29 26/8/29
f 31/5/30 29/4/30 28/8/30
f 33/5/31 31/4/32 30/8/31
f 27/5/33 33/4/33 32/8/33
f 31/5/14 33/4/14 27/8/14
f 28/5/1 26/4/1 32/8/1
f 28/6/29 29/5/29 26/8/29
f 30/6/30 31/5/30 28/8/30
f 32/6/31 33/5/31 30/8/31
f 26/6/33 27/5/33 32/8/33
f 29/6/14 31/5/14 27/8/14
f 30/6/1 28/5/1 32/8/1

